# 23/300 iterations complete ✅ (308971.82s)
# Results saved to runs\detect\tune
# Best fitness=0.61418 observed at iteration 18
# Best fitness metrics are {'metrics/precision(B)': 0.64283, 'metrics/recall(B)': 0.73693, 'metrics/mAP50(B)': 0.75427, 'metrics/mAP50-95(B)': 0.59861, 'val/box_loss': 0.83894, 'val/cls_loss': 0.60363, 'val/dfl_loss': 1.36056, 'fitness': 0.61418}
# Best fitness model is runs\detect\train18
# Best fitness hyperparameters are printed below.

lr0: 0.0107
lrf: 0.00719
momentum: 0.9209
weight_decay: 0.00062
warmup_epochs: 0.91169
warmup_momentum: 0.88237
box: 7.60778
cls: 0.37221
dfl: 1.61228
hsv_h: 0.0149
hsv_s: 0.58918
hsv_v: 0.29909
degrees: 0.0
translate: 0.10301
scale: 0.46502
shear: 0.0
perspective: 0.0
flipud: 0.0
fliplr: 0.42842
mosaic: 0.55417
mixup: 0.0
copy_paste: 0.0
